[1048.6387939453125, 3212.326904296875, 3961.121337890625, 2894.363525390625, 1387.5384521484375, 384.50048828125]
[1151.211181640625, 1780.8131103515625, 2069.9130859375, 1533.8260498046875, 966.4728393554688, 314.0511779785156]
[1249.4188232421875, 1040.5439453125, 1823.8109130859375, 2142.5576171875, 1792.5904541015625, 722.3176879882812]
[555.4185180664062, 527.0128173828125, 924.1595458984375, 989.077880859375, 972.1246948242188, 324.2366027832031]
[1075.918701171875, 3104.47314453125, 4160.24951171875, 3050.767578125, 1448.7672119140625, 369.2223205566406]
[2497.746337890625, 2258.801513671875, 4640.19970703125, 5477.6962890625, 4516.80029296875, 1356.361572265625]
[2487.925537109375, 1894.794921875, 2664.234375, 2577.112060546875, 1980.9866943359375, 740.9910278320312]
[793.299072265625, 1534.4652099609375, 1853.4249267578125, 1450.2921142578125, 900.5341186523438, 271.61181640625]
[1617.1517333984375, 1340.818603515625, 1660.423583984375, 1688.4527587890625, 1271.6748046875, 577.1751098632812]
[1235.2332763671875, 967.0072631835938, 1409.215576171875, 1280.55810546875, 1081.39453125, 397.2322998046875]
[1716.450439453125, 1316.306396484375, 1972.90185546875, 1914.1722412109375, 1450.6512451171875, 496.5403747558594]
[4530.6435546875, 2463.478515625, 3971.3330078125, 4747.21826171875, 4594.04296875, 1459.0648193359375]
[1523.308837890625, 719.4337768554688, 906.7996215820312, 820.2326049804688, 776.192626953125, 338.6659851074219]
[1444.7427978515625, 792.970458984375, 915.9901733398438, 866.44287109375, 752.64306640625, 375.163818359375]
[1257.05712890625, 2164.429443359375, 2261.89306640625, 1802.201171875, 1006.97802734375, 393.837158203125]
[3217.935302734375, 2647.3203125, 4951.65673828125, 5343.5087890625, 3979.87109375, 1494.7138671875]
[907.8746337890625, 1742.819091796875, 4271.55712890625, 4269.11962890625, 3182.012939453125, 1148.40869140625]
[4326.58984375, 2715.954345703125, 3373.947998046875, 2642.873046875, 1815.197998046875, 543.2236328125]
[975.5287475585938, 2831.161865234375, 4573.82373046875, 4292.224609375, 2823.117919921875, 1078.8082275390625]
[4921.29150390625, 3716.05322265625, 5430.5859375, 5387.94189453125, 3954.4375, 1481.1331787109375]
[2314.425537109375, 2358.075927734375, 4612.62841796875, 4647.6884765625, 3567.283203125, 1261.29736328125]
[911.148193359375, 2799.2958984375, 4528.89208984375, 4109.16064453125, 2790.148681640625, 959.97802734375]
[3403.438720703125, 2039.4171142578125, 1777.8582763671875, 1235.2364501953125, 852.4931030273438, 241.90428161621094]
[1164.3055419921875, 953.5255126953125, 1429.6390380859375, 1303.663330078125, 975.8926391601562, 319.1438903808594]
[872.9563598632812, 1556.5262451171875, 4131.65673828125, 4091.3876953125, 3187.664794921875, 1060.1348876953125]
[762.74560546875, 669.1837158203125, 1054.869384765625, 1105.4921875, 989.0803833007812, 392.1395568847656]
[2522.843994140625, 976.8121337890625, 1138.6053466796875, 1194.358154296875, 1358.3370361328125, 744.3861694335938]
[696.1826782226562, 595.6470336914062, 899.6514282226562, 767.8016967773438, 647.1411743164062, 208.8015899658203]
[4794.712890625, 3567.754150390625, 5221.24609375, 5102.68212890625, 3865.891357421875, 1400.4984130859375]
[913.3306274414062, 2513.728515625, 2994.072509765625, 2356.724609375, 1135.0875244140625, 339.5147705078125]
[2561.03564453125, 2527.210205078125, 4516.63818359375, 5561.23046875, 4218.1923828125, 1547.338623046875]
[872.9563598632812, 1713.4044189453125, 3788.54345703125, 3859.447509765625, 2807.104248046875, 1074.5643310546875]
[887.1419067382812, 1970.7828369140625, 2535.56689453125, 1972.82373046875, 1083.278564453125, 332.7244873046875]
[851.1324462890625, 1717.081298828125, 4264.4091796875, 4391.75439453125, 3136.7978515625, 1113.6085205078125]
[2579.586181640625, 2445.094482421875, 4725.97802734375, 5565.67333984375, 4461.2236328125, 1393.7081298828125]
[2778.18359375, 3469.705322265625, 5083.3876953125, 4469.06787109375, 3041.65771484375, 938.7583618164062]
[709.2770385742188, 669.1837158203125, 1010.9590454101562, 1093.939697265625, 930.6775512695312, 381.1053466796875]
[718.006591796875, 558.8787231445312, 803.661376953125, 846.8923950195312, 1293.34033203125, 775.791259765625]
[1439.286865234375, 713.3057250976562, 953.7734375, 893.1026611328125, 744.1652221679688, 335.2708435058594]
[2575.22119140625, 2364.2041015625, 4921.02197265625, 5786.06103515625, 4738.166015625, 1391.161865234375]
[2831.65234375, 3990.590087890625, 5205.92822265625, 4810.31298828125, 2990.790771484375, 1041.4615478515625]
[2665.79052734375, 2459.8017578125, 4892.42919921875, 5823.384765625, 4766.42529296875, 1479.4356689453125]
[952.6136474609375, 2693.8935546875, 4224.58349609375, 3994.52392578125, 2658.271240234375, 987.1392211914062]
[684.1795654296875, 605.4519653320312, 1001.7684936523438, 1034.3995361328125, 950.4591674804688, 345.456298828125]
[1146.846435546875, 1775.91064453125, 2198.58056640625, 1591.5888671875, 995.6742553710938, 295.37786865234375]
[4372.42041015625, 2962.30224609375, 3358.630615234375, 2697.9697265625, 1802.9522705078125, 611.9754028320312]
[1151.211181640625, 848.1229858398438, 1429.6390380859375, 1263.673583984375, 1014.5138549804688, 292.8315124511719]
[2571.94775390625, 2179.13671875, 4644.28466796875, 5386.16455078125, 4528.10400390625, 1372.488525390625]
[655.8084716796875, 502.5006103515625, 886.376220703125, 960.6407470703125, 1050.3092041015625, 391.290771484375]
[483.39959716796875, 503.7261962890625, 760.772216796875, 637.1687622070312, 487.9463195800781, 170.60617065429688]
[2271.868896484375, 2381.362548828125, 4822.9892578125, 4835.19580078125, 3582.35498046875, 1190.84814453125]
[4788.16552734375, 3643.7421875, 4930.21240234375, 5006.70703125, 3686.914794921875, 1442.9378662109375]
[1409.8245849609375, 665.5068969726562, 883.3126831054688, 779.354248046875, 767.7147827148438, 357.33929443359375]
[583.78955078125, 553.9762573242188, 840.4235229492188, 702.0408935546875, 583.08642578125, 174.85011291503906]
[1277.7899169921875, 1914.4046630859375, 2090.33642578125, 1614.694091796875, 1047.4832763671875, 359.036865234375]
[620.8901977539062, 571.1348266601562, 766.8992309570312, 677.158447265625, 575.5505981445312, 233.41641235351562]
[1241.7803955078125, 894.6961669921875, 1400.0250244140625, 1236.1251220703125, 1076.6846923828125, 376.8614196777344]
[785.6607055664062, 993.970703125, 1168.2193603515625, 830.896484375, 599.10009765625, 175.6988983154297]
[1054.0948486328125, 3019.906005859375, 3952.951904296875, 2893.474853515625, 1392.2484130859375, 403.1737976074219]
[2569.765380859375, 2726.98486328125, 4941.4453125, 5036.92138671875, 3689.74072265625, 1311.3758544921875]
[4701.96142578125, 3358.1748046875, 5321.32080078125, 5116.900390625, 3893.208740234375, 1266.39013671875]
[1254.874755859375, 645.8970947265625, 832.254150390625, 742.0305786132812, 623.5916137695312, 310.6560363769531]
[988.6231079101562, 2685.314208984375, 4833.201171875, 4322.43896484375, 2978.544921875, 987.988037109375]
[4839.45166015625, 3653.547119140625, 5453.0517578125, 5323.0693359375, 3929.004150390625, 1383.522705078125]
[905.6922607421875, 2671.83251953125, 4398.18212890625, 4167.8125, 2747.759521484375, 1022.7882690429688]
[1190.4942626953125, 947.3974609375, 2015.791015625, 2197.654541015625, 1915.0479736328125, 596.6972045898438]
[990.8054809570312, 2621.582275390625, 4664.7080078125, 4214.9111328125, 2985.138671875, 980.3489379882812]
[724.5537719726562, 701.0496215820312, 1173.3251953125, 1234.347900390625, 971.1827392578125, 351.3977966308594]
[2781.457275390625, 2621.582275390625, 4583.01416015625, 5559.453125, 4482.88916015625, 1580.4412841796875]
[788.934326171875, 1024.6109619140625, 1151.880615234375, 838.0057983398438, 573.6666259765625, 165.51345825195312]
[4454.259765625, 3119.180419921875, 3416.83740234375, 2845.4873046875, 1786.9385986328125, 636.5902099609375]
[4356.05224609375, 2375.234619140625, 3165.62939453125, 3269.377685546875, 2833.479736328125, 1056.73974609375]
[1077.0098876953125, 3148.59521484375, 4056.090087890625, 3026.773681640625, 1423.333740234375, 381.9541320800781]
[2637.41943359375, 2572.557861328125, 4838.30712890625, 5807.388671875, 4446.15185546875, 1504.0504150390625]
[4876.552734375, 3379.010009765625, 5630.7353515625, 5285.74609375, 4115.5166015625, 1254.507080078125]
[2797.8251953125, 2328.661376953125, 1954.520751953125, 1340.9869384765625, 875.1006469726562, 320.8414611816406]
[960.2520141601562, 2926.759521484375, 4674.91943359375, 4401.52978515625, 2820.2919921875, 1077.110595703125]
[5198.455078125, 3778.559326171875, 5753.27587890625, 5600.3310546875, 4224.7861328125, 1438.69384765625]
[3192.837890625, 1224.3856201171875, 1714.545654296875, 3288.03955078125, 5026.412109375, 2470.81884765625]
[2400.630126953125, 1017.25732421875, 1145.7535400390625, 1186.3602294921875, 1262.2550048828125, 630.648681640625]
[4735.7880859375, 3591.040771484375, 5182.44140625, 5092.01806640625, 3812.198486328125, 1373.3372802734375]
[953.704833984375, 2378.911376953125, 2802.092529296875, 2150.5556640625, 1153.9271240234375, 370.07110595703125]
[4332.0458984375, 3155.948974609375, 3288.169677734375, 2703.3017578125, 1724.767822265625, 610.27783203125]
[1597.5101318359375, 1295.4710693359375, 1735.990234375, 1694.67333984375, 1238.7054443359375, 453.2522277832031]
[2290.419189453125, 968.2328491210938, 1068.14453125, 1130.374755859375, 1174.6507568359375, 619.614501953125]
[754.0160522460938, 650.799560546875, 1094.695068359375, 1112.6015625, 1023.9337158203125, 385.3492736816406]
[2638.5107421875, 3599.6201171875, 4875.06884765625, 4424.634765625, 2775.076904296875, 939.607177734375]
[3261.583251953125, 2619.131103515625, 4793.37548828125, 5167.55419921875, 3967.625244140625, 1476.8892822265625]
[826.0349731445312, 762.3302001953125, 1186.600341796875, 1273.4488525390625, 1094.582275390625, 404.8713684082031]
[791.11669921875, 1489.11767578125, 1825.853271484375, 1420.96630859375, 895.82421875, 268.2166748046875]
[1344.352783203125, 1105.5013427734375, 1497.0362548828125, 1417.41162109375, 1104.0020751953125, 453.2522277832031]
[2547.94140625, 1859.252197265625, 3031.85595703125, 2828.602783203125, 2140.181640625, 689.2150268554688]
[2184.5732421875, 2362.978515625, 4588.1201171875, 4715.2265625, 3475.9111328125, 1207.8238525390625]
[4607.02734375, 2604.423828125, 3790.585693359375, 4725.001953125, 4632.6640625, 1634.763671875]
[669.9940185546875, 525.7872314453125, 803.661376953125, 847.781005859375, 1303.7021484375, 746.083740234375]
[678.7235717773438, 551.5250244140625, 998.7049560546875, 1300.997314453125, 2144.891357421875, 900.5629272460938]
[963.5255737304688, 2826.259521484375, 3655.791259765625, 2643.761474609375, 1301.8182373046875, 334.42205810546875]
[715.82421875, 604.226318359375, 1028.3189697265625, 1037.9541015625, 976.8345947265625, 329.329345703125]
[644.8965454101562, 571.1348266601562, 808.7672119140625, 686.0450439453125, 619.82373046875, 211.3479461669922]
[1577.86865234375, 1270.9588623046875, 1708.418701171875, 1668.013671875, 1231.1695556640625, 451.5546569824219]
[2603.59228515625, 1145.946533203125, 1316.2890625, 1376.5333251953125, 1407.320068359375, 695.156494140625]
[1261.4219970703125, 976.8121337890625, 1953.4996337890625, 2131.005126953125, 1913.1640625, 608.5802612304688]
[3439.447998046875, 2119.081787109375, 1698.2069091796875, 1198.801513671875, 829.8855590820312, 283.4948425292969]
[2661.42578125, 1905.825439453125, 3037.98291015625, 2821.493408203125, 2227.785888671875, 737.5958862304688]
[1287.610595703125, 1788.166748046875, 2142.416259765625, 1604.9188232421875, 1097.408203125, 376.0126037597656]
[711.45947265625, 588.2933959960938, 928.2442016601562, 1066.3912353515625, 1079.5106201171875, 493.9940185546875]
[1263.6043701171875, 985.3914184570312, 1397.9827880859375, 1286.77880859375, 1064.4388427734375, 414.2080383300781]
[1282.1546630859375, 1005.001220703125, 1420.448486328125, 1350.76220703125, 1077.6265869140625, 409.11529541015625]
[2481.37841796875, 893.4705810546875, 1456.189453125, 2559.3388671875, 4317.1005859375, 1625.427001953125]
[4325.4990234375, 2941.466796875, 3212.60302734375, 2601.10595703125, 1763.3890380859375, 628.1023559570312]
[1384.72705078125, 664.28125, 885.3550415039062, 778.465576171875, 719.6737060546875, 289.43634033203125]
[2742.17431640625, 2430.386962890625, 1757.434814453125, 1245.01171875, 793.1482543945312, 275.85577392578125]
[844.5852661132812, 1109.1781005859375, 1186.600341796875, 921.5397338867188, 619.82373046875, 239.35792541503906]
[2363.529296875, 1797.9716796875, 2821.49462890625, 2677.53076171875, 1948.017333984375, 651.0195922851562]
[778.0223388671875, 1495.2457275390625, 4100.00048828125, 3995.412353515625, 2955.937255859375, 941.3047485351562]
[3530.017333984375, 2757.625244140625, 5179.3779296875, 5483.9169921875, 4325.578125, 1592.3243408203125]
[4401.88232421875, 3287.08935546875, 3206.47607421875, 2684.639892578125, 1628.6856689453125, 610.27783203125]
[882.7771606445312, 656.9276123046875, 1258.0823974609375, 1241.4571533203125, 1188.7803955078125, 410.8128967285156]
[1130.478515625, 1641.0933837890625, 2059.701416015625, 1478.7291259765625, 990.96435546875, 286.04119873046875]
[799.8462524414062, 1013.5804443359375, 1178.4310302734375, 897.5459594726562, 609.4619140625, 195.2209930419922]
[822.7613525390625, 1570.0079345703125, 3677.23583984375, 3687.936279296875, 2786.380615234375, 1015.9979858398438]
[1221.0477294921875, 962.1047973632812, 2027.02392578125, 2250.08544921875, 1931.0616455078125, 617.9168701171875]
[4901.64990234375, 2730.661865234375, 4174.5458984375, 5237.75830078125, 5009.45654296875, 1746.8035888671875]
[2679.97607421875, 2382.588134765625, 4632.0302734375, 5505.24462890625, 4609.11474609375, 1454.82080078125]
[708.1858520507812, 538.0433349609375, 940.4982299804688, 1236.1251220703125, 2129.81982421875, 877.6456909179688]
[1682.6234130859375, 1322.4344482421875, 2005.579345703125, 1896.3990478515625, 1396.016357421875, 491.4476318359375]
[1336.7144775390625, 682.6654663085938, 896.587890625, 799.7933959960938, 700.8341064453125, 342.0611267089844]
[987.5319213867188, 2512.5029296875, 4701.47021484375, 4331.32568359375, 3083.104736328125, 986.2904663085938]
[816.2142333984375, 952.2999267578125, 2429.365234375, 4181.14208984375, 4477.2373046875, 1442.0889892578125]
[893.6890869140625, 2283.313720703125, 2976.712646484375, 2246.53076171875, 1143.5653076171875, 305.56329345703125]
[977.7111206054688, 1676.6361083984375, 4192.92724609375, 4143.818359375, 3206.50439453125, 1120.3988037109375]
[675.4500122070312, 1535.6907958984375, 2311.9306640625, 2107.89990234375, 1442.17333984375, 482.95977783203125]
[1428.3748779296875, 1096.9219970703125, 2153.649169921875, 2361.16796875, 2088.37255859375, 712.9810180664062]
[4971.486328125, 3735.6630859375, 5337.65966796875, 5320.40380859375, 3945.959716796875, 1497.2601318359375]
[2599.2275390625, 2056.57568359375, 2756.139892578125, 2706.8564453125, 2017.7239990234375, 784.2791137695312]
[790.0255126953125, 1647.221435546875, 2066.849609375, 1588.9229736328125, 899.5921630859375, 250.39215087890625]
[2760.724609375, 3626.58349609375, 5132.404296875, 4524.16455078125, 2972.89306640625, 912.4459838867188]
[2486.83447265625, 1773.45947265625, 2944.03515625, 2715.742919921875, 2089.314453125, 637.4390258789062]
[2511.931884765625, 1816.3558349609375, 2871.5322265625, 2653.536865234375, 2067.64892578125, 646.775634765625]
[3415.44189453125, 1979.362060546875, 1689.016357421875, 1175.6962890625, 871.3327026367188, 274.1581726074219]
[2657.06103515625, 1069.9586181640625, 1228.4683837890625, 1280.55810546875, 1444.9993896484375, 756.2691650390625]
[639.4405517578125, 529.4640502929688, 800.5978393554688, 664.7172241210938, 621.7076416015625, 180.7916259765625]
[2753.086181640625, 2272.283203125, 1796.2393798828125, 1251.232421875, 831.76953125, 273.30938720703125]
[653.6260986328125, 632.4154052734375, 1025.25537109375, 1040.6201171875, 892.0563354492188, 303.0169372558594]
[977.7111206054688, 2350.722412109375, 2729.58935546875, 2114.12060546875, 1173.708740234375, 385.3492736816406]
[1736.092041015625, 1389.8431396484375, 1878.9541015625, 1788.871337890625, 1412.971923828125, 538.979736328125]
[2767.271728515625, 2485.53955078125, 1916.7374267578125, 1352.53955078125, 795.9741821289062, 246.14820861816406]
[2583.950927734375, 2286.990478515625, 4831.15869140625, 5571.89404296875, 4504.5546875, 1340.234619140625]
[4089.800537109375, 2095.795166015625, 2812.30419921875, 2888.142822265625, 2587.62255859375, 949.7926025390625]
[1374.90625, 661.830078125, 881.2703247070312, 782.020263671875, 709.3119506835938, 363.28082275390625]
[2568.674072265625, 1953.624267578125, 3057.38525390625, 2859.705810546875, 2132.645751953125, 676.4832153320312]
[940.6104736328125, 2600.7470703125, 3970.311767578125, 3717.26220703125, 2586.6806640625, 980.3489379882812]
[1003.8998413085938, 2718.40576171875, 4651.4326171875, 4222.9091796875, 2926.73583984375, 998.1734619140625]
[2593.771728515625, 1788.166748046875, 2899.103759765625, 2709.5224609375, 2176.918701171875, 699.4004516601562]
[893.6890869140625, 1570.0079345703125, 3910.062744140625, 3870.111572265625, 3021.8759765625, 1026.1834716796875]
[700.5474853515625, 547.8482055664062, 883.3126831054688, 909.0985107421875, 1341.38134765625, 752.0252075195312]
[1241.7803955078125, 965.7816162109375, 1958.60546875, 2094.570068359375, 1894.324462890625, 582.267822265625]
[2781.457275390625, 2253.89892578125, 1820.7474365234375, 1225.4613037109375, 808.219970703125, 234.26519775390625]
[1460.01953125, 693.6959228515625, 881.2703247070312, 802.4594116210938, 758.2949829101562, 336.9684143066406]
[1704.447265625, 1427.8370361328125, 1741.0960693359375, 1797.7579345703125, 1320.6578369140625, 590.7557373046875]
[1441.46923828125, 1126.336669921875, 1680.8470458984375, 1615.582763671875, 1219.8658447265625, 409.964111328125]
[1157.7584228515625, 917.9827880859375, 1752.3289794921875, 2039.4732666015625, 1789.7645263671875, 627.2535400390625]
[2531.573486328125, 919.2084350585938, 1413.30029296875, 2657.091552734375, 4317.1005859375, 1797.730712890625]
[4159.63720703125, 2044.3194580078125, 3116.613037109375, 3130.746826171875, 2776.01904296875, 951.4901733398438]
[824.9437866210938, 1534.4652099609375, 3826.32666015625, 3743.921875, 2900.3603515625, 1023.6370849609375]
[3452.54248046875, 2153.39892578125, 1725.778564453125, 1242.3458251953125, 862.8548583984375, 309.8072509765625]
[1249.4188232421875, 906.9522705078125, 1932.0550537109375, 2060.801025390625, 1948.017333984375, 594.15087890625]
[3383.797119140625, 2100.697509765625, 1659.4024658203125, 1162.366455078125, 787.4963989257812, 266.51910400390625]
[4346.2314453125, 2326.2099609375, 3062.490966796875, 3223.16748046875, 2774.135009765625, 1042.3104248046875]
[775.8399658203125, 674.086181640625, 1141.6688232421875, 1168.5870361328125, 1060.6710205078125, 412.5104675292969]
[4372.42041015625, 3099.57080078125, 3349.43994140625, 2718.408935546875, 1774.6927490234375, 610.27783203125]
[680.9059448242188, 1619.0323486328125, 2244.533203125, 2102.568115234375, 1412.971923828125, 521.1552124023438]
[722.3713989257812, 698.598388671875, 1155.96533203125, 1159.700439453125, 989.0803833007812, 322.5390319824219]
[4351.6875, 2969.656005859375, 3327.995361328125, 2710.4111328125, 1782.2286376953125, 634.8926391601562]
[1254.874755859375, 951.0742797851562, 1859.5518798828125, 2077.685546875, 1896.2083740234375, 698.5516357421875]
[1108.654541015625, 1753.849609375, 2123.013916015625, 1605.8074951171875, 953.2850952148438, 303.86572265625]
[4575.3828125, 2522.307861328125, 3920.2744140625, 4742.77490234375, 4559.189453125, 1533.758056640625]
[1642.2491455078125, 1196.196533203125, 1815.6416015625, 1715.112548828125, 1370.582763671875, 506.7257995605469]
[4246.9326171875, 2126.435546875, 2932.80224609375, 3030.328369140625, 2776.01904296875, 1012.6028442382812]
[637.2581787109375, 582.1653442382812, 777.1109008789062, 659.38525390625, 598.1581420898438, 231.71884155273438]
[2664.69921875, 2399.746826171875, 1793.17578125, 1261.896240234375, 770.5407104492188, 264.821533203125]
[2265.32177734375, 2060.25244140625, 4305.255859375, 4265.56494140625, 3544.67578125, 1166.2332763671875]
[726.7362060546875, 644.6715087890625, 1136.56298828125, 1436.962158203125, 2154.311279296875, 927.72412109375]
[5034.77587890625, 3610.650634765625, 5765.52978515625, 5517.68603515625, 4162.615234375, 1335.141845703125]
[2540.302978515625, 1903.374267578125, 2693.848388671875, 2697.9697265625, 2057.287109375, 766.45458984375]
[2439.9130859375, 808.9033813476562, 1405.1309814453125, 2519.349365234375, 4423.54443359375, 1616.9390869140625]
[795.4815063476562, 1869.05712890625, 2517.185791015625, 2406.489501953125, 1560.863037109375, 652.7171630859375]
[4748.8828125, 3285.86376953125, 5557.2109375, 5244.86767578125, 4053.345703125, 1236.6826171875]
[703.821044921875, 1627.6116943359375, 2168.966552734375, 2062.578369140625, 1408.2620849609375, 558.5018310546875]
[763.8368530273438, 683.8910522460938, 1051.805908203125, 1117.0447998046875, 974.95068359375, 391.290771484375]
[1175.217529296875, 878.7632446289062, 1353.05126953125, 1195.246826171875, 997.5582275390625, 327.63177490234375]
[3135.004638671875, 2148.496337890625, 1787.048828125, 1293.8880615234375, 707.427978515625, 215.59188842773438]
[3288.863037109375, 2579.91162109375, 5219.20361328125, 5438.59521484375, 4217.25048828125, 1405.5911865234375]
[987.5319213867188, 2833.613037109375, 4299.12890625, 4101.1630859375, 2749.6435546875, 1065.2276611328125]
[4334.228515625, 3184.137939453125, 3494.4462890625, 2791.279052734375, 1696.50830078125, 543.2236328125]
[4208.74072265625, 2958.62548828125, 3189.1162109375, 2574.446044921875, 1670.1328125, 553.4091186523438]
[2520.66162109375, 2313.953857421875, 4412.478515625, 5301.74169921875, 4382.09716796875, 1423.415771484375]
[1405.459716796875, 626.287353515625, 862.8892822265625, 782.020263671875, 744.1652221679688, 309.8072509765625]
[731.1009521484375, 1774.68505859375, 2410.984130859375, 2220.759765625, 1476.084716796875, 550.8627319335938]
[4137.81298828125, 2753.948486328125, 3290.212158203125, 2565.5595703125, 1738.8974609375, 562.7457275390625]
[1221.0477294921875, 1717.081298828125, 2213.898193359375, 1584.4796142578125, 1097.408203125, 331.02691650390625]
[2856.749755859375, 2419.3564453125, 1863.6365966796875, 1324.1024169921875, 867.5648193359375, 329.329345703125]
[2546.85009765625, 1907.051025390625, 2967.522216796875, 2793.945068359375, 2129.81982421875, 720.6201171875]
[968.9815673828125, 2649.771484375, 4526.85009765625, 4084.2783203125, 2867.39111328125, 985.441650390625]
[828.2173461914062, 1632.51416015625, 1952.4783935546875, 1511.609619140625, 922.19970703125, 283.4948425292969]
[968.9815673828125, 2609.326171875, 3167.671630859375, 2420.7080078125, 1201.9681396484375, 372.6174621582031]
[4910.37939453125, 4057.998779296875, 5159.9755859375, 5401.271484375, 3674.669189453125, 1549.885009765625]
[1368.359130859375, 1062.6048583984375, 1930.0126953125, 2242.976318359375, 1982.8707275390625, 790.2206420898438]
[1266.8779296875, 1087.1171875, 1865.678955078125, 2197.654541015625, 1791.6484375, 775.791259765625]
[5155.8984375, 3892.541259765625, 5753.27587890625, 5696.306640625, 4152.25341796875, 1500.6552734375]
[2282.781005859375, 2364.2041015625, 4311.3828125, 4434.41015625, 3320.484130859375, 1248.5655517578125]
[862.04443359375, 1518.5323486328125, 3973.375244140625, 3866.556884765625, 2991.732666015625, 943.0023193359375]
[715.82421875, 664.28125, 1198.8544921875, 1161.477783203125, 1002.2681274414062, 312.3536071777344]
[4139.99560546875, 3019.906005859375, 3253.449951171875, 2690.860595703125, 1592.890380859375, 535.5845947265625]
[858.7708129882812, 995.1962890625, 2601.943115234375, 4274.45166015625, 4735.33984375, 1425.11328125]
[1072.6451416015625, 2892.4423828125, 3825.3056640625, 2739.73681640625, 1439.347412109375, 387.0468444824219]
[819.48779296875, 944.9462280273438, 1059.9752197265625, 774.9109497070312, 616.9977416992188, 190.12828063964844]
[594.7015380859375, 495.1469421386719, 775.068603515625, 620.2842407226562, 589.6802978515625, 208.8015899658203]
[2810.91943359375, 2336.014892578125, 1873.8482666015625, 1254.7869873046875, 838.3633422851562, 255.48487854003906]
[2851.293701171875, 2516.179931640625, 1842.1920166015625, 1279.66943359375, 859.0869750976562, 309.8072509765625]
[2724.715087890625, 2349.49658203125, 1817.6839599609375, 1235.2364501953125, 779.9605102539062, 245.29942321777344]
[2591.589111328125, 1067.50732421875, 1310.162109375, 1340.0982666015625, 1452.53515625, 684.9710693359375]
[1286.5194091796875, 1062.6048583984375, 1942.2667236328125, 2257.19482421875, 1910.338134765625, 712.1322631835938]
[2667.972900390625, 2329.886962890625, 4753.5498046875, 5568.33935546875, 4714.61669921875, 1408.1375732421875]
[615.4342651367188, 527.0128173828125, 825.10595703125, 844.2263793945312, 1285.804443359375, 768.1521606445312]
[938.4281005859375, 2435.28955078125, 2967.522216796875, 2211.873046875, 1138.85546875, 318.29510498046875]
[4613.57421875, 3171.8818359375, 3570.012939453125, 2837.4892578125, 1895.266357421875, 647.6244506835938]
[2954.957275390625, 2685.314208984375, 2039.2779541015625, 1484.9498291015625, 834.595458984375, 272.4606018066406]
[2323.155029296875, 2372.783203125, 4626.9248046875, 4675.23681640625, 3513.59033203125, 1202.7310791015625]
[845.676513671875, 1660.7032470703125, 4580.9716796875, 4544.60400390625, 3363.815185546875, 1098.330322265625]
[930.7897338867188, 1695.020263671875, 4440.05029296875, 4369.5380859375, 3214.040283203125, 1105.9693603515625]
[2637.41943359375, 3743.0166015625, 4653.47509765625, 4334.88037109375, 2720.442138671875, 939.607177734375]
[621.9813842773438, 520.884765625, 847.5717163085938, 1185.4715576171875, 1931.0616455078125, 936.2120361328125]
[776.93115234375, 621.3848876953125, 1115.118408203125, 1100.1602783203125, 1082.3365478515625, 364.9783935546875]
[3296.50146484375, 2081.087890625, 1602.2169189453125, 1161.477783203125, 818.581787109375, 287.73876953125]
[774.748779296875, 709.62890625, 1111.0338134765625, 1137.4840087890625, 991.9063110351562, 406.5689392089844]
[1195.9501953125, 2000.197509765625, 2210.834716796875, 1646.685791015625, 984.3704833984375, 330.1781311035156]
[939.519287109375, 3196.39404296875, 3884.533447265625, 2912.13671875, 1272.61669921875, 343.75872802734375]
[4789.2568359375, 2643.643310546875, 4086.725341796875, 5108.01416015625, 4870.04345703125, 1689.0860595703125]
[772.56640625, 955.9767456054688, 2297.634033203125, 4026.515625, 4162.615234375, 1459.0648193359375]
[1586.59814453125, 1321.2088623046875, 1731.905517578125, 1661.79296875, 1206.6781005859375, 441.36920166015625]
[3411.076904296875, 2081.087890625, 1721.69384765625, 1197.024169921875, 836.4794311523438, 280.0997009277344]
[1234.14208984375, 954.7511596679688, 1504.1844482421875, 1399.6385498046875, 1066.3228759765625, 397.2322998046875]
[2636.328125, 2413.228515625, 4912.8525390625, 5960.23828125, 4885.115234375, 1510.8408203125]
[4576.4736328125, 2489.21630859375, 3853.8984375, 4706.33984375, 4658.09765625, 1573.6510009765625]
[868.5916137695312, 965.7816162109375, 1142.6900634765625, 826.4531860351562, 672.5746459960938, 217.28945922851562]
[653.6260986328125, 498.8237609863281, 876.1644897460938, 1160.589111328125, 2029.9697265625, 852.1820678710938]
[1259.2396240234375, 1876.4107666015625, 2164.882080078125, 1624.4693603515625, 1071.03271484375, 372.6174621582031]
[728.9185791015625, 953.5255126953125, 1016.0648803710938, 768.6903686523438, 533.1614379882812, 177.39646911621094]
[1230.8685302734375, 1080.9891357421875, 1934.097412109375, 2167.440185546875, 1804.836181640625, 714.6785888671875]
[1305.06982421875, 618.9336547851562, 766.8992309570312, 708.2615356445312, 661.2708740234375, 324.2366027832031]
[1908.5008544921875, 1625.1605224609375, 1898.3564453125, 2006.5927734375, 1441.2314453125, 662.0538330078125]
